Rank   Exmpl   DevAcc           ngram_order           kn_discount         laplace_alpha     min_context_count          max_contexts
-----------------------------------------------------------------------------------------------------------------------------------
   1   10/13   0.6370                     7                   0.5                  0.01                     2               1000000
   2   10/13   0.6370                     7                   0.5                   0.1                     2               1000000
   3   10/13   0.6370                     7                   0.5                   1.0                     2               1000000
   4   10/13   0.6370                     7                   0.5                  0.01                     3               1000000
   5   10/13   0.6370                     7                   0.5                   0.1                     3               1000000
   6   10/13   0.6370                     7                   0.5                   1.0                     3               1000000
   7   10/13   0.6370                     7                   0.5                  0.01                     5               1000000
   8   10/13   0.6370                     7                   0.5                   0.1                     5               1000000
   9   10/13   0.6370                     7                   0.5                   1.0                     5               1000000
  10   10/13   0.6360                     7                  0.75                  0.01                     2               1000000
  11   10/13   0.6360                     7                  0.75                   0.1                     2               1000000
  12   10/13   0.6360                     7                  0.75                   1.0                     2               1000000
  13   10/13   0.6360                     7                   0.9                  0.01                     2               1000000
  14   10/13   0.6360                     7                   0.9                   0.1                     2               1000000
  15   10/13   0.6360                     7                   0.9                   1.0                     2               1000000
  16   10/13   0.6360                     7                  0.75                  0.01                     3               1000000
  17   10/13   0.6360                     7                  0.75                   0.1                     3               1000000
  18   10/13   0.6360                     7                  0.75                   1.0                     3               1000000
  19   10/13   0.6360                     7                   0.9                  0.01                     3               1000000
  20   10/13   0.6360                     7                   0.9                   0.1                     3               1000000
  21   10/13   0.6360                     7                   0.9                   1.0                     3               1000000
  22   10/13   0.6360                     7                  0.75                  0.01                     5               1000000
  23   10/13   0.6360                     7                  0.75                   0.1                     5               1000000
  24   10/13   0.6360                     7                  0.75                   1.0                     5               1000000
  25   10/13   0.6360                     7                   0.9                  0.01                     5               1000000
  26   10/13   0.6360                     7                   0.9                   0.1                     5               1000000
  27   10/13   0.6360                     7                   0.9                   1.0                     5               1000000
  28   10/13   0.6310                     6                  0.75                  0.01                     2               1000000
  29   10/13   0.6310                     6                  0.75                   0.1                     2               1000000
  30   10/13   0.6310                     6                  0.75                   1.0                     2               1000000
  31   10/13   0.6310                     6                   0.9                  0.01                     2               1000000
  32   10/13   0.6310                     6                   0.9                   0.1                     2               1000000
  33   10/13   0.6310                     6                   0.9                   1.0                     2               1000000
  34   10/13   0.6310                     6                  0.75                  0.01                     3               1000000
  35   10/13   0.6310                     6                  0.75                   0.1                     3               1000000
  36   10/13   0.6310                     6                  0.75                   1.0                     3               1000000
  37   10/13   0.6310                     6                   0.9                  0.01                     3               1000000
  38   10/13   0.6310                     6                   0.9                   0.1                     3               1000000
  39   10/13   0.6310                     6                   0.9                   1.0                     3               1000000
  40   10/13   0.6310                     6                  0.75                  0.01                     5               1000000
  41   10/13   0.6310                     6                  0.75                   0.1                     5               1000000
  42   10/13   0.6310                     6                  0.75                   1.0                     5               1000000
  43   10/13   0.6310                     6                   0.9                  0.01                     5               1000000
  44   10/13   0.6310                     6                   0.9                   0.1                     5               1000000
  45   10/13   0.6310                     6                   0.9                   1.0                     5               1000000
  46   10/13   0.6310                     8                   0.5                  0.01                     2               1000000
  47   10/13   0.6310                     8                   0.5                   0.1                     2               1000000
  48   10/13   0.6310                     8                   0.5                   1.0                     2               1000000
  49   10/13   0.6310                     8                  0.75                  0.01                     2               1000000
  50   10/13   0.6310                     8                  0.75                   0.1                     2               1000000
  51   10/13   0.6310                     8                  0.75                   1.0                     2               1000000
  52   10/13   0.6310                     8                   0.9                  0.01                     2               1000000
  53   10/13   0.6310                     8                   0.9                   0.1                     2               1000000
  54   10/13   0.6310                     8                   0.9                   1.0                     2               1000000
  55   10/13   0.6310                     8                   0.5                  0.01                     3               1000000
  56   10/13   0.6310                     8                   0.5                   0.1                     3               1000000
  57   10/13   0.6310                     8                   0.5                   1.0                     3               1000000
  58   10/13   0.6310                     8                  0.75                  0.01                     3               1000000
  59   10/13   0.6310                     8                  0.75                   0.1                     3               1000000
  60   10/13   0.6310                     8                  0.75                   1.0                     3               1000000
  61   10/13   0.6310                     8                   0.9                  0.01                     3               1000000
  62   10/13   0.6310                     8                   0.9                   0.1                     3               1000000
  63   10/13   0.6310                     8                   0.9                   1.0                     3               1000000
  64   10/13   0.6310                     8                   0.5                  0.01                     5               1000000
  65   10/13   0.6310                     8                   0.5                   0.1                     5               1000000
  66   10/13   0.6310                     8                   0.5                   1.0                     5               1000000
  67   10/13   0.6310                     8                  0.75                  0.01                     5               1000000
  68   10/13   0.6310                     8                  0.75                   0.1                     5               1000000
  69   10/13   0.6310                     8                  0.75                   1.0                     5               1000000
  70   10/13   0.6310                     8                   0.9                  0.01                     5               1000000
  71   10/13   0.6310                     8                   0.9                   0.1                     5               1000000
  72   10/13   0.6310                     8                   0.9                   1.0                     5               1000000
  73   10/13   0.6300                     6                   0.5                  0.01                     2               1000000
  74   10/13   0.6300                     6                   0.5                   0.1                     2               1000000
  75   10/13   0.6300                     6                   0.5                   1.0                     2               1000000
  76   10/13   0.6300                     6                   0.5                  0.01                     3               1000000
  77   10/13   0.6300                     6                   0.5                   0.1                     3               1000000
  78   10/13   0.6300                     6                   0.5                   1.0                     3               1000000
  79   10/13   0.6300                     6                   0.5                  0.01                     5               1000000
  80   10/13   0.6300                     6                   0.5                   0.1                     5               1000000
  81   10/13   0.6300                     6                   0.5                   1.0                     5               1000000
  82   11/13   0.6110                     7                   0.5                  0.01                     2                500000
  83   11/13   0.6110                     7                   0.5                   0.1                     2                500000
  84   11/13   0.6110                     7                   0.5                   1.0                     2                500000
  85   11/13   0.6110                     7                  0.75                  0.01                     2                500000
  86   11/13   0.6110                     7                  0.75                   0.1                     2                500000
  87   11/13   0.6110                     7                  0.75                   1.0                     2                500000
  88   11/13   0.6110                     7                   0.9                  0.01                     2                500000
  89   11/13   0.6110                     7                   0.9                   0.1                     2                500000
  90   11/13   0.6110                     7                   0.9                   1.0                     2                500000
  91   11/13   0.6110                     7                   0.5                  0.01                     3                500000
  92   11/13   0.6110                     7                   0.5                   0.1                     3                500000
  93   11/13   0.6110                     7                   0.5                   1.0                     3                500000
  94   11/13   0.6110                     7                  0.75                  0.01                     3                500000
  95   11/13   0.6110                     7                  0.75                   0.1                     3                500000
  96   11/13   0.6110                     7                  0.75                   1.0                     3                500000
  97   11/13   0.6110                     7                   0.9                  0.01                     3                500000
  98   11/13   0.6110                     7                   0.9                   0.1                     3                500000
  99   11/13   0.6110                     7                   0.9                   1.0                     3                500000
 100   11/13   0.6110                     7                   0.5                  0.01                     5                500000
 101   11/13   0.6110                     7                   0.5                   0.1                     5                500000
 102   11/13   0.6110                     7                   0.5                   1.0                     5                500000
 103   11/13   0.6110                     7                  0.75                  0.01                     5                500000
 104   11/13   0.6110                     7                  0.75                   0.1                     5                500000
 105   11/13   0.6110                     7                  0.75                   1.0                     5                500000
 106   11/13   0.6110                     7                   0.9                  0.01                     5                500000
 107   11/13   0.6110                     7                   0.9                   0.1                     5                500000
 108   11/13   0.6110                     7                   0.9                   1.0                     5                500000
 109   11/13   0.6100                     5                   0.5                  0.01                     2               1000000
 110   11/13   0.6100                     5                   0.5                   0.1                     2               1000000
 111   11/13   0.6100                     5                   0.5                   1.0                     2               1000000
 112   11/13   0.6100                     5                   0.5                  0.01                     3               1000000
 113   11/13   0.6100                     5                   0.5                   0.1                     3               1000000
 114   11/13   0.6100                     5                   0.5                   1.0                     3               1000000
 115   11/13   0.6100                     5                   0.5                  0.01                     5               1000000
 116   11/13   0.6100                     5                   0.5                   0.1                     5               1000000
 117   11/13   0.6100                     5                   0.5                   1.0                     5               1000000
 118   11/13   0.6080                     5                  0.75                  0.01                     2               1000000
 119   11/13   0.6080                     5                  0.75                   0.1                     2               1000000
 120   11/13   0.6080                     5                  0.75                   1.0                     2               1000000
 121   11/13   0.6080                     5                   0.9                  0.01                     2               1000000
 122   11/13   0.6080                     5                   0.9                   0.1                     2               1000000
 123   11/13   0.6080                     5                   0.9                   1.0                     2               1000000
 124   11/13   0.6080                     5                  0.75                  0.01                     3               1000000
 125   11/13   0.6080                     5                  0.75                   0.1                     3               1000000
 126   11/13   0.6080                     5                  0.75                   1.0                     3               1000000
 127   11/13   0.6080                     5                   0.9                  0.01                     3               1000000
 128   11/13   0.6080                     5                   0.9                   0.1                     3               1000000
 129   11/13   0.6080                     5                   0.9                   1.0                     3               1000000
 130   11/13   0.6080                     5                  0.75                  0.01                     5               1000000
 131   11/13   0.6080                     5                  0.75                   0.1                     5               1000000
 132   11/13   0.6080                     5                  0.75                   1.0                     5               1000000
 133   11/13   0.6080                     5                   0.9                  0.01                     5               1000000
 134   11/13   0.6080                     5                   0.9                   0.1                     5               1000000
 135   11/13   0.6080                     5                   0.9                   1.0                     5               1000000
 136   11/13   0.6070                     8                   0.5                  0.01                     2                500000
 137   11/13   0.6070                     8                   0.5                   0.1                     2                500000
 138   11/13   0.6070                     8                   0.5                   1.0                     2                500000
 139   11/13   0.6070                     8                  0.75                  0.01                     2                500000
 140   11/13   0.6070                     8                  0.75                   0.1                     2                500000
 141   11/13   0.6070                     8                  0.75                   1.0                     2                500000
 142   11/13   0.6070                     8                   0.9                  0.01                     2                500000
 143   11/13   0.6070                     8                   0.9                   0.1                     2                500000
 144   11/13   0.6070                     8                   0.9                   1.0                     2                500000
 145   11/13   0.6070                     8                   0.5                  0.01                     3                500000
 146   11/13   0.6070                     8                   0.5                   0.1                     3                500000
 147   11/13   0.6070                     8                   0.5                   1.0                     3                500000
 148   11/13   0.6070                     8                  0.75                  0.01                     3                500000
 149   11/13   0.6070                     8                  0.75                   0.1                     3                500000
 150   11/13   0.6070                     8                  0.75                   1.0                     3                500000
 151   11/13   0.6070                     8                   0.9                  0.01                     3                500000
 152   11/13   0.6070                     8                   0.9                   0.1                     3                500000
 153   11/13   0.6070                     8                   0.9                   1.0                     3                500000
 154   11/13   0.6070                     8                   0.5                  0.01                     5                500000
 155   11/13   0.6070                     8                   0.5                   0.1                     5                500000
 156   11/13   0.6070                     8                   0.5                   1.0                     5                500000
 157   11/13   0.6070                     8                  0.75                  0.01                     5                500000
 158   11/13   0.6070                     8                  0.75                   0.1                     5                500000
 159   11/13   0.6070                     8                  0.75                   1.0                     5                500000
 160   11/13   0.6070                     8                   0.9                  0.01                     5                500000
 161   11/13   0.6070                     8                   0.9                   0.1                     5                500000
 162   11/13   0.6070                     8                   0.9                   1.0                     5                500000
 163   10/13   0.6030                     6                  0.75                  0.01                     2                500000
 164   10/13   0.6030                     6                  0.75                   0.1                     2                500000
 165   10/13   0.6030                     6                  0.75                   1.0                     2                500000
 166   10/13   0.6030                     6                   0.9                  0.01                     2                500000
 167   10/13   0.6030                     6                   0.9                   0.1                     2                500000
 168   10/13   0.6030                     6                   0.9                   1.0                     2                500000
 169   10/13   0.6030                     6                  0.75                  0.01                     3                500000
 170   10/13   0.6030                     6                  0.75                   0.1                     3                500000
 171   10/13   0.6030                     6                  0.75                   1.0                     3                500000
 172   10/13   0.6030                     6                   0.9                  0.01                     3                500000
 173   10/13   0.6030                     6                   0.9                   0.1                     3                500000
 174   10/13   0.6030                     6                   0.9                   1.0                     3                500000
 175   10/13   0.6030                     6                  0.75                  0.01                     5                500000
 176   10/13   0.6030                     6                  0.75                   0.1                     5                500000
 177   10/13   0.6030                     6                  0.75                   1.0                     5                500000
 178   10/13   0.6030                     6                   0.9                  0.01                     5                500000
 179   10/13   0.6030                     6                   0.9                   0.1                     5                500000
 180   10/13   0.6030                     6                   0.9                   1.0                     5                500000
 181   10/13   0.6020                     6                   0.5                  0.01                     2                500000
 182   10/13   0.6020                     6                   0.5                   0.1                     2                500000
 183   10/13   0.6020                     6                   0.5                   1.0                     2                500000
 184   10/13   0.6020                     6                   0.5                  0.01                     3                500000
 185   10/13   0.6020                     6                   0.5                   0.1                     3                500000
 186   10/13   0.6020                     6                   0.5                   1.0                     3                500000
 187   10/13   0.6020                     6                   0.5                  0.01                     5                500000
 188   10/13   0.6020                     6                   0.5                   0.1                     5                500000
 189   10/13   0.6020                     6                   0.5                   1.0                     5                500000
 190   11/13   0.5880                     5                   0.5                  0.01                     2                500000
 191   11/13   0.5880                     5                   0.5                   0.1                     2                500000
 192   11/13   0.5880                     5                   0.5                   1.0                     2                500000
 193   11/13   0.5880                     5                   0.5                  0.01                     3                500000
 194   11/13   0.5880                     5                   0.5                   0.1                     3                500000
 195   11/13   0.5880                     5                   0.5                   1.0                     3                500000
 196   11/13   0.5880                     5                   0.5                  0.01                     5                500000
 197   11/13   0.5880                     5                   0.5                   0.1                     5                500000
 198   11/13   0.5880                     5                   0.5                   1.0                     5                500000
 199   11/13   0.5870                     5                  0.75                  0.01                     2                500000
 200   11/13   0.5870                     5                  0.75                   0.1                     2                500000
 201   11/13   0.5870                     5                  0.75                   1.0                     2                500000
 202   11/13   0.5870                     5                   0.9                  0.01                     2                500000
 203   11/13   0.5870                     5                   0.9                   0.1                     2                500000
 204   11/13   0.5870                     5                   0.9                   1.0                     2                500000
 205   11/13   0.5870                     5                  0.75                  0.01                     3                500000
 206   11/13   0.5870                     5                  0.75                   0.1                     3                500000
 207   11/13   0.5870                     5                  0.75                   1.0                     3                500000
 208   11/13   0.5870                     5                   0.9                  0.01                     3                500000
 209   11/13   0.5870                     5                   0.9                   0.1                     3                500000
 210   11/13   0.5870                     5                   0.9                   1.0                     3                500000
 211   11/13   0.5870                     5                  0.75                  0.01                     5                500000
 212   11/13   0.5870                     5                  0.75                   0.1                     5                500000
 213   11/13   0.5870                     5                  0.75                   1.0                     5                500000
 214   11/13   0.5870                     5                   0.9                  0.01                     5                500000
 215   11/13   0.5870                     5                   0.9                   0.1                     5                500000
 216   11/13   0.5870                     5                   0.9                   1.0                     5                500000
 217   11/13   0.5800                     6                   0.5                  0.01                     2                300000
 218   11/13   0.5800                     6                   0.5                   0.1                     2                300000
 219   11/13   0.5800                     6                   0.5                   1.0                     2                300000
 220   11/13   0.5800                     6                  0.75                  0.01                     2                300000
 221   11/13   0.5800                     6                  0.75                   0.1                     2                300000
 222   11/13   0.5800                     6                  0.75                   1.0                     2                300000
 223   11/13   0.5800                     6                   0.9                  0.01                     2                300000
 224   11/13   0.5800                     6                   0.9                   0.1                     2                300000
 225   11/13   0.5800                     6                   0.9                   1.0                     2                300000
 226   11/13   0.5800                     6                   0.5                  0.01                     3                300000
 227   11/13   0.5800                     6                   0.5                   0.1                     3                300000
 228   11/13   0.5800                     6                   0.5                   1.0                     3                300000
 229   11/13   0.5800                     6                  0.75                  0.01                     3                300000
 230   11/13   0.5800                     6                  0.75                   0.1                     3                300000
 231   11/13   0.5800                     6                  0.75                   1.0                     3                300000
 232   11/13   0.5800                     6                   0.9                  0.01                     3                300000
 233   11/13   0.5800                     6                   0.9                   0.1                     3                300000
 234   11/13   0.5800                     6                   0.9                   1.0                     3                300000
 235   11/13   0.5800                     6                   0.5                  0.01                     5                300000
 236   11/13   0.5800                     6                   0.5                   0.1                     5                300000
 237   11/13   0.5800                     6                   0.5                   1.0                     5                300000
 238   11/13   0.5800                     6                  0.75                  0.01                     5                300000
 239   11/13   0.5800                     6                  0.75                   0.1                     5                300000
 240   11/13   0.5800                     6                  0.75                   1.0                     5                300000
 241   11/13   0.5800                     6                   0.9                  0.01                     5                300000
 242   11/13   0.5800                     6                   0.9                   0.1                     5                300000
 243   11/13   0.5800                     6                   0.9                   1.0                     5                300000
 244   11/13   0.5770                     7                   0.5                  0.01                     2                300000
 245   11/13   0.5770                     7                   0.5                   0.1                     2                300000
 246   11/13   0.5770                     7                   0.5                   1.0                     2                300000
 247   11/13   0.5770                     7                   0.5                  0.01                     3                300000
 248   11/13   0.5770                     7                   0.5                   0.1                     3                300000
 249   11/13   0.5770                     7                   0.5                   1.0                     3                300000
 250   11/13   0.5770                     7                   0.5                  0.01                     5                300000
 251   11/13   0.5770                     7                   0.5                   0.1                     5                300000
 252   11/13   0.5770                     7                   0.5                   1.0                     5                300000
 253   11/13   0.5760                     7                  0.75                  0.01                     2                300000
 254   11/13   0.5760                     7                  0.75                   0.1                     2                300000
 255   11/13   0.5760                     7                  0.75                   1.0                     2                300000
 256   11/13   0.5760                     7                   0.9                  0.01                     2                300000
 257   11/13   0.5760                     7                   0.9                   0.1                     2                300000
 258   11/13   0.5760                     7                   0.9                   1.0                     2                300000
 259   11/13   0.5760                     7                  0.75                  0.01                     3                300000
 260   11/13   0.5760                     7                  0.75                   0.1                     3                300000
 261   11/13   0.5760                     7                  0.75                   1.0                     3                300000
 262   11/13   0.5760                     7                   0.9                  0.01                     3                300000
 263   11/13   0.5760                     7                   0.9                   0.1                     3                300000
 264   11/13   0.5760                     7                   0.9                   1.0                     3                300000
 265   11/13   0.5760                     7                  0.75                  0.01                     5                300000
 266   11/13   0.5760                     7                  0.75                   0.1                     5                300000
 267   11/13   0.5760                     7                  0.75                   1.0                     5                300000
 268   11/13   0.5760                     7                   0.9                  0.01                     5                300000
 269   11/13   0.5760                     7                   0.9                   0.1                     5                300000
 270   11/13   0.5760                     7                   0.9                   1.0                     5                300000
 271   11/13   0.5730                     8                   0.5                  0.01                     2                300000
 272   11/13   0.5730                     8                   0.5                   0.1                     2                300000
 273   11/13   0.5730                     8                   0.5                   1.0                     2                300000
 274   11/13   0.5730                     8                   0.5                  0.01                     3                300000
 275   11/13   0.5730                     8                   0.5                   0.1                     3                300000
 276   11/13   0.5730                     8                   0.5                   1.0                     3                300000
 277   11/13   0.5730                     8                   0.5                  0.01                     5                300000
 278   11/13   0.5730                     8                   0.5                   0.1                     5                300000
 279   11/13   0.5730                     8                   0.5                   1.0                     5                300000
 280   11/13   0.5720                     8                  0.75                  0.01                     2                300000
 281   11/13   0.5720                     8                  0.75                   0.1                     2                300000
 282   11/13   0.5720                     8                  0.75                   1.0                     2                300000
 283   11/13   0.5720                     8                   0.9                  0.01                     2                300000
 284   11/13   0.5720                     8                   0.9                   0.1                     2                300000
 285   11/13   0.5720                     8                   0.9                   1.0                     2                300000
 286   11/13   0.5720                     8                  0.75                  0.01                     3                300000
 287   11/13   0.5720                     8                  0.75                   0.1                     3                300000
 288   11/13   0.5720                     8                  0.75                   1.0                     3                300000
 289   11/13   0.5720                     8                   0.9                  0.01                     3                300000
 290   11/13   0.5720                     8                   0.9                   0.1                     3                300000
 291   11/13   0.5720                     8                   0.9                   1.0                     3                300000
 292   11/13   0.5720                     8                  0.75                  0.01                     5                300000
 293   11/13   0.5720                     8                  0.75                   0.1                     5                300000
 294   11/13   0.5720                     8                  0.75                   1.0                     5                300000
 295   11/13   0.5720                     8                   0.9                  0.01                     5                300000
 296   11/13   0.5720                     8                   0.9                   0.1                     5                300000
 297   11/13   0.5720                     8                   0.9                   1.0                     5                300000
 298   11/13   0.5700                     5                   0.5                  0.01                     2                300000
 299   11/13   0.5700                     5                   0.5                   0.1                     2                300000
 300   11/13   0.5700                     5                   0.5                   1.0                     2                300000
 301   11/13   0.5700                     5                   0.5                  0.01                     3                300000
 302   11/13   0.5700                     5                   0.5                   0.1                     3                300000
 303   11/13   0.5700                     5                   0.5                   1.0                     3                300000
 304   11/13   0.5700                     5                   0.5                  0.01                     5                300000
 305   11/13   0.5700                     5                   0.5                   0.1                     5                300000
 306   11/13   0.5700                     5                   0.5                   1.0                     5                300000
 307   11/13   0.5690                     5                  0.75                  0.01                     2                300000
 308   11/13   0.5690                     5                  0.75                   0.1                     2                300000
 309   11/13   0.5690                     5                  0.75                   1.0                     2                300000
 310   11/13   0.5690                     5                   0.9                  0.01                     2                300000
 311   11/13   0.5690                     5                   0.9                   0.1                     2                300000
 312   11/13   0.5690                     5                   0.9                   1.0                     2                300000
 313   11/13   0.5690                     5                  0.75                  0.01                     3                300000
 314   11/13   0.5690                     5                  0.75                   0.1                     3                300000
 315   11/13   0.5690                     5                  0.75                   1.0                     3                300000
 316   11/13   0.5690                     5                   0.9                  0.01                     3                300000
 317   11/13   0.5690                     5                   0.9                   0.1                     3                300000
 318   11/13   0.5690                     5                   0.9                   1.0                     3                300000
 319   11/13   0.5690                     5                  0.75                  0.01                     5                300000
 320   11/13   0.5690                     5                  0.75                   0.1                     5                300000
 321   11/13   0.5690                     5                  0.75                   1.0                     5                300000
 322   11/13   0.5690                     5                   0.9                  0.01                     5                300000
 323   11/13   0.5690                     5                   0.9                   0.1                     5                300000
 324   11/13   0.5690                     5                   0.9                   1.0                     5                300000

Best: dev=0.6370  example=10/13
Params: {'ngram_order': 7, 'kn_discount': 0.5, 'laplace_alpha': 0.01, 'min_context_count': 2, 'max_contexts': 1000000}
